0.0000000000000000e+000
3.9346934030000003e-001
6.3212055879999995e-001
7.7686983990000003e-001
8.6466471680000001e-001
9.1791500140000004e-001
9.5021293159999998e-001
9.6980261660000000e-001
9.8168436110000001e-001
9.8889100350000003e-001
9.9326205300000003e-001
9.9591322859999998e-001
9.9752124779999995e-001
9.9849656080000004e-001
9.9908811799999997e-001
9.9944691559999999e-001
9.9966453739999994e-001
9.9979653160000004e-001
9.9987659019999997e-001
9.9992514820000000e-001
9.9995460010000004e-001
9.0480988160000009e-001
8.1871405139999998e-001
7.4080809060000008e-001
6.7031390179999994e-001
6.0652693300000005e-001
5.4880937579999989e-001
4.9658393280000002e-001
4.4932813260000004e-001
4.0656915540000005e-001
3.6787913530000005e-001
3.3287089819999993e-001
3.0119409939999997e-001
2.7253172469999998e-001
2.4659692249999998e-001
2.2313013500000001e-001
2.0189650279999993e-001
1.8268351490000001e-001
1.6529888259999992e-001
1.4956861579999992e-001
1.3533528110000004e-001
1.2245642700000003e-001
1.1080315760000004e-001
1.0025884320000000e-001
9.0717952999999962e-002
8.2084998399999942e-002
7.4273578100000015e-002
6.7205512599999961e-002
6.0810062599999992e-002
5.5023220100000048e-002
4.9787068400000023e-002
