0.
0.
0.
0.
0.
0.
.293244258503261
.507578327141889
1.17069225815503
1.67719576068259
2.62769107950923
3.24768427121177
4.14286121315517
5.09016358295067
5.71159597180901
6.26317747354733
7.11624826264077
8.24366524632658
9.26896975236967
10.0775721581381
10.6787491541719
11.1232354322223
11.4671550641923
11.7646920912755
12.0745134065462
12.4690199009119
12.9667176411442
13.7239994405077
14.3002259006971
14.6565728567369
14.6788495005281
14.6925313221722
14.8221857665108
14.850712450911
14.7366721926492
14.6142531695898
14.5679298764195
14.2760963335861
13.912592290695
13.6985199327293
13.3752710890155
13.1182380226615
12.8872066786885
12.6021275254105
12.4596400669381
12.1926435024778
11.9986154726573
11.628803370927
11.3076542074665
10.9380714490489
10.6689175630265
